1260        -1        -12        -5        2        -2        -3        1        
-23        -17        -6        -3        -3        0        0        -1        
-11        -9        -2        2        0        -1        -1        0        
-7        -2        0        1        1        0        0        0        
-1        -1        1        2        0        -1        1        1        
2        0        2        0        -1        1        1        -1        
-1        0        0        -1        0        2        1        -1        
-3        2        -4        -2        2        1        -1        0        
1781        -1        -12        -5        2        -2        -3        1        
-32        -17        -6        -3        -3        0        0        -1        
-15        -9        -2        2        0        -1        -1        0        
-10        -2        0        1        1        0        0        0        
-1        -1        1        2        0        -1        1        1        
2        0        2        0        -1        1        1        -1        
-2        0        0        -1        0        2        1        -1        
-4        2        -4        -2        2        1        -1        0        
1781        -1        -17        -7        3        -2        -4        2        
-23        -17        -6        -3        -3        0        0        -1        
-11        -9        -2        2        0        -1        -1        0        
-7        -2        0        1        1        0        0        0        
-1        -1        1        2        0        -1        1        1        
2        0        2        0        -1        1        1        -1        
-1        0        0        -1        0        2        1        -1        
-3        2        -4        -2        2        1        -1        0        
2519        -1        -17        -7        3        -2        -4        2        
-32        -17        -6        -3        -3        0        0        -1        
-15        -9        -2        2        0        -1        -1        0        
-10        -2        0        1        1        0        0        0        
-1        -1        1        2        0        -1        1        1        
2        0        2        0        -1        1        1        -1        
-2        0        0        -1        0        2        1        -1        
-4        2        -4        -2        2        1        -1        0        
